6 0.2938671875 0.3685416666666667 0.05078125 0.037760416666666664
4 0.23876953125 0.3697916666666667 0.0751953125 0.046875
6 0.54345703125 0.3854166666666667 0.0498046875 0.036458333333333336
5 0.666015625 0.3952864583333333 0.07421875 0.045572916666666664
6 0.663798828125 0.39567708333333335 0.0498046875 0.037760416666666664
6 0.2236328125 0.4033984375 0.0546875 0.037760416666666664
6 0.4814453125 0.419921875 0.05078125 0.040364583333333336
6 0.60693359375 0.42752604166666663 0.0517578125 0.037760416666666664
6 0.2880859375 0.453125 0.060546875 0.041666666666666664
6 0.4169921875 0.4537760416666667 0.0546875 0.040364583333333336
6 0.216796875 0.486328125 0.060546875 0.04296875
6 0.3525390625 0.4948958333333333 0.0546875 0.041666666666666664
6 0.621318359375 0.505 0.056640625 0.041666666666666664
6 0.5615625 0.5512239583333333 0.0595703125 0.04296875
6 0.690654296875 0.5561328125 0.05859375 0.045572916666666664
6 0.2021484375 0.5794270833333334 0.0625 0.046875
6 0.34814453125 0.5826822916666666 0.0595703125 0.045572916666666664
6 0.62109375 0.5945052083333333 0.060546875 0.045572916666666664
6 0.483623046875 0.5951562499999999 0.056640625 0.044270833333333336
6 0.17138671875 0.6888020833333334 0.0654296875 0.052083333333333336
2 0.17447265625 0.689453125 0.1005859375 0.07421875
6 0.48614257812499995 0.7071354166666667 0.0634765625 0.049479166666666664
3 0.71533203125 0.708984375 0.0908203125 0.07421875