5 0.736979 0.320801 0.0807292 0.0380859
7 0.189453 0.625 0.0768229 0.0546875
2 0.194661 0.627441 0.11849 0.0673828
1 0.738932 0.311035 0.0507812 0.0400391
7 0.292969 0.5625 0.0677083 0.0507812
1 0.263021 0.348633 0.0520833 0.0390625
1 0.539062 0.348145 0.0520833 0.0400391
1 0.469401 0.313965 0.0481771 0.0380859
7 0.720052 0.617188 0.0729167 0.0566406
1 0.754557 0.382324 0.0533854 0.0400391
7 0.705078 0.51416 0.0638021 0.0498047
4 0.280599 0.324219 0.0820312 0.0371094
7 0.544271 0.513184 0.0625 0.0517578
3 0.815104 0.625488 0.111979 0.0673828
7 0.384115 0.513184 0.0625 0.0478516
1 0.326172 0.385742 0.0507812 0.0429688
